3.293117577614572 3.294443826119886 7609.1122472994075
3.29311757761461 3.294443826119924 7609.112247299581
3.3132035871644923 3.3145378963781185 7702.21721728749
0.0728803243376761 0.07288033305397133 3.72645922408498
0.0728803243376761 0.07288033305397133 3.72645922408498
0.07288032433767613 0.07288033305397136 3.7264592240849823
0.07288032433767613 0.07288033305397136 3.7264592240849823
0.07288032433767613 0.07288033305397136 3.7264592240849823
0.4475723939402514 0.4475738281579673 188.36399455079396
3.29311757761461 3.294443826119924 7609.112247299581
0.0728803243376761 0.07288033305397133 3.72645922408498
3.2931175776144785 3.2944438261197933 7609.112247298953
3.2931175776144785 3.2944438261197933 7609.112247298953
0.07288032433767057 0.07288033305396581 3.7264592240844023
3.29311757761461 3.294443826119924 7609.112247299581
3.29311757761461 3.294443826119924 7609.112247299581
3.29311757761461 3.294443826119924 7609.112247299581
0.027336562993669385 0.027336564960538295 0.5530440459996508
0.027336562993669385 0.027336564960538295 0.5530440459996508
